#level 1
maze("l1_p", player_pos, size=7, start=(3.5, 5.5), finish=(5.5, 1.5),
     walls=[((1, 1), (1, 6), (6, 6), (6, 1), (1, 1)),
            ((1, 3), (2, 3)), ((3, 3), (4, 3), (4, 4), (3, 4), (3, 3)), ((5, 3), (6, 3)), ((2, 2), (5, 2))]
)
maze("l1_t", twin_pos, size=7, start=(3.5, 5.5), finish=(5.5, 1.5),
     walls=[((1, 1), (1, 6), (6, 6), (6, 1), (1, 1)),
            ((1, 3), (2, 3)), ((3, 3), (4, 3), (4, 4), (3, 4), (3, 3)), ((5, 3), (6, 3)), ((2, 2), (6, 2)), ((5, 1), (5, 2))]
)
#level 2
maze("l2_p", player_pos, size=7, start=(3.5, 5.5), finish=(5.5, 1.5),
     walls=[((1, 1), (1, 6), (6, 6), (6, 1), (1, 1)),
            ((1, 3), (2, 3)), ((3, 3), (4, 3), (4, 4), (3, 4), (3, 3)), ((5, 3), (6, 3)), ((2, 2), (5, 2))]
)
maze("l2_t", twin_pos, size=7, start=(3.5, 5.5), finish=(5.5, 1.5),
     walls=[((1, 1), (1, 6), (6, 6), (6, 1), (1, 1)),
            ((1, 3), (2, 3)), ((3, 5), (3, 3), (4, 3), (4, 5)), ((5, 3), (6, 3)), ((1, 5), (2, 5), (2, 6)), ((5, 6), (5, 5), (6, 5))]
)
#level 3
maze("l3_p", player_pos, size=7, start=(4.5, 6.5), finish=(2.5, 0.5),
     walls=[((1, 1), (1, 6), (4, 6), (4, 7), (5, 7), (5, 6), (6, 6), (6, 1), (3, 1), (3, 0), (2, 0), (2, 1), (1, 1)),
            ((3, 2), (4, 2)), ((2, 2), (2, 3), (3, 3), (3, 5), (4, 5)), ((1, 4), (2, 4)),
            ((2, 5), (2, 6)), ((5, 5), (6, 5)), ((4, 4), (6, 4)), ((4, 3), (6, 3)), ((5, 2), (5, 3))],
     one_way_walls=[((3,1), (3,2), (-1, 0))]
)
maze("l3_t", twin_pos, size=7, start=(4.5, 6.5), finish=(2.5, 0.5),
     walls=[((1, 1), (1, 6), (4, 6), (4, 7), (5, 7), (5, 6), (6, 6), (6, 1), (3, 1), (3, 0), (2, 0), (2, 1), (1, 1)),
            ((2, 1), (2, 3)), ((1, 4), (3, 4), (3, 3)), ((3, 2), (4, 2), (4, 4)), ((2, 6), (2, 5), (4, 5)),
            ((5, 2), (5, 3), (6, 3)), ((5, 4), (5, 6))]
)
#level 4
maze("l4_p", player_pos, size=7, start=(1.5, 0.5), finish=(5.5, 6.5),
     walls=[((2, 1), (6, 1), (6, 7), (5, 7), (5, 6), (1, 6), (1, 0), (2, 0), (2, 2)),
            ((1, 3), (2, 3)), ((2, 5), (2, 6)), ((3, 5), (3, 4), (4, 4)), ((5, 4), (5 ,6)),
            ((4, 2), (4, 3), (5, 3), (5, 1))]
)
maze("l4_t", twin_pos, size=7, start=(1.5, 0.5), finish=(5.5, 6.5),
     walls=[((2, 1), (6, 1), (6, 7), (5, 7), (5, 6), (1, 6), (1, 0), (2, 0), (2, 3)),
            ((3, 1), (3, 2)), ((1, 5), (2, 5)), ((3, 4), (3, 3), (4, 3)), ((4 ,2), (5 ,2), (5, 4)),
            ((3, 6), (3, 5), (5, 5))]
)
#level 5
maze("l5_p", player_pos, size=7, start=(3.5, 3.5), finish=(5.5, 6.5),
     walls=[((1, 1), (6, 1), (6, 7), (5, 7), (5, 6), (1, 6), (1, 1)),
            ((4, 3), (4, 5)), ((5, 4), (3, 4), (3, 3), (2, 3)), ((2, 2), (4, 2)), ((5, 1), (5, 3)),
            ((3, 5), (3, 6)), ((2, 4), (2, 5), (1, 5))]
)
maze("l5_t", twin_pos, size=7, start=(3.5, 3.5), finish=(5.5, 6.5),
     walls=[((1, 1), (6, 1), (6, 7), (5, 7), (5, 6), (1, 6), (1, 1)),
            ((4, 3), (4, 4), (2, 4)), ((3, 3), (3, 4)), ((2, 5), (2, 6)), ((3, 5), (4, 5), (4, 6)),
            ((1, 2), (2, 2), (2, 3)), ((3, 2), (5, 2), (5, 3)), ((5, 5), (5, 4), (6, 4))]
)
#level 6
maze("l6_p", player_pos, size=10, start=(2.5, 0.5), finish=(7.5, 9.5),
     walls=[((8, 9), (9, 9), (9, 1), (3, 1), (3, 0), (2, 0), (2, 1), (1, 1), (1, 9), (7, 9), (7, 10), (8, 10), (8, 7), (7, 7)),
            ((1, 3), (2, 3), (2, 4), (3, 4)), ((1, 8), (2, 8)), ((2, 5), (2, 7), (4, 7)), ((3, 6), (3, 7)), ((3, 8), (3, 9)),
            ((2, 2), (4, 2), (4, 3)), ((3, 5), (5, 5), (5, 6)), ((4, 4), (4, 5)), ((5, 1), (5, 3), (6, 3), (6, 4)), ((8, 6), (9, 6)),
            ((5, 8), (5, 7), (6, 7), (6, 6), (7, 6), (7, 5)), ((6, 2), (8, 2)), ((7, 1), (7, 2)), ((7, 3), (8, 3), (8, 5), (9, 5))]
)
maze("l6_t", twin_pos, size=10, start=(2.5, 0.5), finish=(7.5, 9.5),
     walls=[((8, 9), (9, 9), (9, 1), (3, 1), (3, 0), (2, 0), (2, 1), (1, 1), (1, 9), (7, 9), (7, 10), (8, 10), (8, 7), (7, 7)),
            ((1, 2), (2, 2)), ((1, 4), (3, 4)), ((2, 3), (2, 4)), ((1, 6), (2, 6), (2, 5)), ((2, 9), (2, 7), (3, 7)),
            ((3, 5), (3, 6)), ((3, 1), (3, 3)), ((4, 1), (4, 2)), ((3, 8), (4, 8)), ((4, 7), (4, 9)), ((4, 3), (5, 3)),
            ((5, 4), (6, 4)), ((5, 2), (5, 5), (6, 5), (6, 6), (7, 6)), ((4, 6), (5, 6), (5, 8), (6, 8), (6, 9)), ((6, 3), (7, 3)),
            ((7, 1), (7, 4)), ((9, 2), (8, 2), (8, 4)), ((7, 5), (8, 5), (8, 6), (9, 6))]
)
